Input Matrix:
[[  1.   2.   4.  17.]
 [  3.   6. -12.   3.]
 [  2.   3.  -3.   2.]
 [  0.   2.  -2.   6.]]
Your choice is : LU factorization
P:
[[0. 1. 0. 0.]
 [0. 0. 0. 1.]
 [1. 0. 0. 0.]
 [0. 0. 1. 0.]]
L:
[[ 1.          0.          0.          0.        ]
 [ 0.          1.          0.          0.        ]
 [ 0.33333333  0.          1.          0.        ]
 [ 0.66666667 -0.5         0.5         1.        ]]
U:
[[  3.   6. -12.   3.]
 [  0.   2.  -2.   6.]
 [  0.   0.   8.  16.]
 [  0.   0.   0.  -5.]]
det：
-240.0
The reslut of Ax = b is: 
[ 2. -1.  0.  1.]
Input Matrix:
[[ 1.  0. -1.]
 [ 1.  2.  1.]
 [ 1.  1. -3.]
 [ 0.  1.  1.]]
Your choice is : Gram-Schmidt QR factorization
Q:
[[ 5.77350269e-01 -5.77350269e-01  4.08248290e-01]
 [ 5.77350269e-01  5.77350269e-01  4.08248290e-01]
 [ 5.77350269e-01 -1.28197512e-16 -8.16496581e-01]
 [ 0.00000000e+00  5.77350269e-01 -9.06493304e-17]]
R:
[[ 1.73205081  1.73205081 -1.73205081]
 [ 0.          1.73205081  1.73205081]
 [ 0.          0.          2.44948974]]
Your matrix must be square to calculate determinant

The reslut of Ax = b is: 
[6.66666667e-01 3.33333333e-01 1.89615892e-16]
Input Matrix:
[[  1.  19. -34.]
 [ -2.  -5.  20.]
 [  2.   8.  37.]]
Your choice is : Householder QR factorization
Q:
[[ 0.33333333  0.93333333 -0.13333333]
 [-0.66666667  0.33333333  0.66666667]
 [ 0.66666667 -0.13333333  0.73333333]]
R:
[[ 3.00000000e+00  1.50000000e+01 -2.55351296e-15]
 [ 2.22044605e-16  1.50000000e+01 -3.00000000e+01]
 [-1.11022302e-16 -4.44089210e-16  4.50000000e+01]]
det：
2025.0000000000002
The reslut of Ax = b is: 
[-0.54814815  0.13185185  0.02814815]
Input Matrix:
[[  0. -20. -14.]
 [  3.  27.  -4.]
 [  4.  11.  -2.]]
Your choice is : Givens QR factorization
Q:
[[ 0.   -0.8  -0.6 ]
 [ 0.6   0.48 -0.64]
 [ 0.8  -0.36  0.48]]
R:
[[ 5.00000000e+00  2.50000000e+01 -4.00000000e+00]
 [ 2.66453526e-16  2.50000000e+01  1.00000000e+01]
 [-3.55271368e-16 -3.10862447e-16  1.00000000e+01]]
det：
1250.0000000000005
The reslut of Ax = b is: 
[ 0.2032  0.0032 -0.076 ]
Input Matrix:
[[-4. -2. -4. -2.]
 [ 2. -2.  2.  1.]
 [-4.  1. -4. -2.]]
Your choice is : URV factorization
U:
[[-0.66666667 -0.66666667 -0.33333333]
 [ 0.33333333 -0.66666667  0.66666667]
 [-0.66666667  0.33333333  0.66666667]]
R:
[[ 9.00000000e+00 -1.23259516e-32  0.00000000e+00  0.00000000e+00]
 [-4.58892184e-16  3.00000000e+00  0.00000000e+00  0.00000000e+00]
 [ 0.00000000e+00  0.00000000e+00  0.00000000e+00  0.00000000e+00]]
V: 
[[ 6.66666667e-01  2.46716228e-17 -6.66666667e-01 -3.33333333e-01]
 [ 2.46716228e-17  1.00000000e+00  4.93432455e-17  2.46716228e-17]
 [ 6.66666667e-01 -4.93432455e-17  7.33333333e-01 -1.33333333e-01]
 [ 3.33333333e-01 -2.46716228e-17 -1.33333333e-01  9.33333333e-01]]
Your matrix must be square to calculate determinant

This system does not have a certain solution.

The reslut of Ax = b is: 
[]
